slope = -66.95089809680476
k = 0.0012824432398574079
cross = (253.80062542153487 , 334.65077097118046)
vp0 = 17326.830580473677
vp1 = -66.95089809680476
hp0 = 367.248624685647
hp1 = -0.29147352884286404
hp2 = 0.0006423731580704267
