slope = -27.768409332789393
k = 0.0012356162630354729
cross = (242.6724458039655 , 332.50967620344636)
vp0 = 7071.13748507711
vp1 = -27.768409332789393
hp0 = 355.4741753428861
hp1 = -0.2452624580851787
hp2 = 0.0006207164865055691
