slope = -28.416763201836215
k = 0.001408354148344992
cross = (240.67608143302894 , 344.83031605907127)
vp0 = 7184.065530487304
vp1 = -28.416763201836215
hp0 = 377.74231154804016
hp1 = -0.30650371888434846
hp2 = 0.0007053281857366538
